  374219658   374219658
  156478923   156478923
  892536147   892536147
  581693472   581693472
  963724815   963724815
  247851369   427851369
  635947281   635947281
  429185736   249185736
  718362594   718362594

rn
  374219658
  156478923
  892536147
  581693472
  963724815
  427851369
  635947281
  249185736
  718362594

rn
  374219658
  185476923
  692538147
  851693472
  963724815
  247851369
  536947281
  429185736
  718362594
  
rn374219658185476923692538147851693472963724815427851369536947281249185736718362594